3.3162119388580322
3.4217352867126465
3.5040574073791504
3.607280731201172
3.7247121334075928
3.8227882385253906
3.923898935317993
4.027717590332031
4.104027509689331
4.197662353515625
4.275467872619629
4.354698657989502
4.4797682762146
4.5755615234375
4.64617657661438
4.730858564376831
4.80750298500061
4.913292169570923
5.014218330383301
5.1107330322265625
5.220364332199097
5.336137533187866
5.423791885375977
5.506928443908691
5.6038618087768555
5.702699899673462
5.764045238494873
5.8250412940979
5.914009094238281
5.9842729568481445
6.06147027015686
6.14642333984375
6.229546070098877
6.290407419204712
6.350270986557007
6.43282675743103
6.491031885147095
6.549993515014648
6.63995099067688
6.721365928649902
6.815214157104492
6.870973587036133
6.930275917053223
6.987251281738281
7.071273565292358
7.126710653305054
7.181790351867676
7.256766080856323
7.3370137214660645
7.390928506851196
7.468279123306274
7.548791408538818
7.615741968154907
7.692511796951294
7.778518438339233
7.835906505584717
7.890403747558594
7.964133977890015
8.03356409072876
8.108521699905396
8.162058591842651
8.218610048294067
8.296889543533325
8.37864089012146
8.455325603485107
8.530758619308472
8.584713459014893
8.63940691947937
8.72118091583252
8.792273998260498
8.847124099731445
8.932023286819458
9.008878469467163
9.091930866241455
9.156777143478394
9.20948600769043
9.28835654258728
9.359943151473999
9.431400299072266
9.500842809677124
9.554436445236206
9.628663301467896
9.689411640167236
9.741106510162354
9.793061971664429
9.844597816467285
9.922024965286255
9.975752830505371
10.035240173339844
10.126582145690918
10.179036378860474
10.230468273162842
10.28257966041565
10.334246158599854
10.399507522583008
10.45094609260559
10.503896474838257
10.575968742370605
10.651982069015503
10.70074200630188
