23.961
44.996
67.201
90.134
111.886
133.222
155.959
179.927
203.886
225.945
247.723
269.466
290.944
313.298
334.779
357.645
380.713
404.11
425.486
447.694
471.374
495.224
519.097
542.258
564.961
587.09
610.276
632.652
656.303
679.896
702.125
726.061
747.468
768.526
789.921
810.974
832.306
855.016
878.256
899.61
922.052
945.943
967.3
991.148
1014.543
1037.195
1058.274
1079.891
1102.034
1124.447
1147.259
1169.937
1193.176
1215.206
1236.213
1258.991
1282.148
1303.264
1325.934
1347.138
1369.945
1393.714
1417.23
1439.848
1460.958
1483.67
1506.858
1528.412
1551.872
1574.271
1596.494
1618.265
1639.913
1662.02
1684.667
1708.361
1731.282
1754.784
1777.065
1800.735
1822.481
1846.115
1867.561
1889.96
1911.326
1934.606
1956.286
1979.884
2003.627
2026.724
2048.758
2071.841
2093.576
2115.649
2138.201
2159.786
2183.274
2205.9
2227.161
2250.278
